$Participant_ID
     (Intercept)
1    49.05043735
2    -0.05250396
3    67.02733521
4    54.95962632
5  -133.94786525
6   -21.43573475
7  -101.03794084
8   110.20285127
9     1.10311521
10   51.34867014
11  150.76546386
12  -18.43278623
13   64.26173937
14 -108.29812124
15   47.04896317
16  -37.83027664
17   41.56371385
18  -83.21589804
19  -11.60176988
20   55.73853847
21  -23.39359319
22   31.24639969
23   27.49036004
24   85.70576893
25  -17.63276663
26  -50.41021519
27  -91.31800771
28  -43.81500471
29 -107.26508834
30  131.44762059
31   96.46725023
32   70.55202384
33  -43.31809366
34    0.26848327
35  -50.80721990
36  -29.49227328
37  104.82600638
38  114.83786672
39   42.56939646
40  -31.70283760
41   31.75427003
42  -90.22788004
43 -117.33130888
44   17.28589914
45 -173.78911236
46   -1.48693279
47   22.95749618
48   -8.98441442
49  103.07416771
50  -23.09057903
51   23.99929085
52  -27.79728472
53 -222.66862255
54   -0.30816512
55   64.02088937
56   -7.94201420
57   56.61463855
58   23.05988620
59   23.38013332
60  -89.79415408
61  -37.33232854
62  101.67427524
63  -11.38889238
64 -108.05300462
65  -10.68880789
66  117.71221631
67 -116.14802142
68   88.68593512
69   25.01310174
70  -45.67431007

with conditional variances for “Participant_ID” 
